Position	A	V	I	L	M	F	Y	W	S	T	N	Q	R	H	K	D	E	C	Native	
9	-396.27	-397.393666667	-398.162333333	-393.076	-390.407	-398.524	-398.433333333	-408.728	-403.612	-387.933333333	-390.882333333	-404.395333333	-388.57	-389.476	-409.691666667	-400.713	-399.426333333	-418.775666667	L	
12	-395.267	-406.143	-380.047	-395.433333333	-387.074666667	-374.879	-373.104333333	-350.974	-400.645333333	-422.719666667	-410.633333333	-405.598	-365.114333333	-369.0	-367.257	-396.921666667	-403.352	-415.476666667	V	
52	-392.710333333	-374.420666667	-377.062666667	-363.075666667	-378.492666667	-407.665333333	-400.895333333	-387.452	-419.064666667	-383.596	-385.910333333	-390.376333333	-390.849666667	-404.448666667	-391.154333333	-390.08	-407.963666667	-403.026	Y	
53	-366.855666667	-396.180666667	-392.873333333	-407.202666667	-399.940333333	-383.961333333	-388.542666667	-386.432	-389.316	-384.093666667	-405.892	-396.505	-397.955333333	-381.790666667	-390.943	-391.846666667	-398.587333333	-390.663666667	L	
55	-403.015333333	-385.874666667	-407.308	-406.822333333	-386.866333333	-383.095333333	-425.397	-390.386333333	-398.638666667	-398.401	-411.448666667	-389.796	-403.867666667	-400.254666667	-389.619	-383.925	-391.501666667	-366.358333333	K	
56	-406.814333333	-407.338333333	-392.431666667	-384.953	-387.289333333	-382.820666667	-389.629666667	-387.235333333	-411.248	-378.221666667	-403.201666667	-368.687666667	-368.218666667	-413.257666667	-412.012333333	-392.734333333	-384.320333333	-417.394666667	S	
81	-411.136666667	-368.19	-386.590666667	-336.604666667	-377.208666667	-371.434	-360.405	-316.963666667	-409.584666667	-386.848666667	-407.561	-375.004666667	-365.419333333	-372.703333333	-346.661	-402.441333333	-380.399666667	-406.817333333	S	
85	-393.883666667	-407.895666667	-395.687333333	-397.097666667	-397.336333333	-377.779666667	-391.747333333	-387.719666667	-399.335333333	-402.585	-408.589666667	-366.05	-368.386666667	-357.523666667	-386.333333333	-401.117666667	-385.199333333	-392.972	E	
86	-383.973666667	-398.681333333	-415.55	-414.562	-382.857333333	-406.844	-385.446666667	-407.756333333	-375.986	-385.597	-403.119666667	-405.383333333	-396.902666667	-401.784333333	-398.349666667	-403.007333333	-361.233666667	-396.387333333	E	
87	-378.834333333	-387.964666667	-395.820333333	-404.671666667	-387.416	-373.643	-388.542666667	-398.725666667	-392.136	-406.469	-391.502	-401.947666667	-391.009333333	-393.392666667	-401.469666667	-401.167666667	-403.341666667	-397.252333333	K	
88	-385.822333333	-397.366	-397.570333333	-362.614333333	-389.888	-379.271333333	-413.273333333	-401.634	-395.068	-388.994666667	-381.211	-395.600666667	-403.45	-391.735333333	-382.839333333	-397.792	-379.115666667	-392.454	Y	
89	-399.697666667	-394.869333333	-393.27	-404.738666667	-387.506333333	-406.244333333	-387.952	-363.615	-372.975666667	-399.276	-389.821666667	-400.082666667	-396.125	-364.607333333	-378.586	-382.808	-389.518666667	-395.789333333	F	
90	-400.021333333	-390.681666667	-386.277	-397.586333333	-404.462	-401.732333333	-416.278333333	-389.551666667	-393.105333333	-392.557333333	-411.864	-423.597333333	-420.464666667	-408.529	-401.146	-377.083333333	-402.180333333	-402.527666667	D	
111	-400.716333333	-378.315333333	-359.930333333	-396.769333333	-386.328	-381.812666667	-383.54	-363.847333333	-397.761333333	-400.222	-395.584	-389.818333333	-387.292333333	-388.357666667	-377.283	-404.974666667	-389.175333333	-392.423333333	D	
112	-426.677333333	-411.094	-403.973666667	-416.287333333	-380.787333333	-397.481666667	-383.441666667	-390.227333333	-415.334	-419.284666667	-398.092	-416.011333333	-407.326666667	-403.504	-396.339666667	-423.352666667	-414.403333333	-421.605333333	F	
131	-395.227	-389.293	-370.090666667	-403.085333333	-408.803333333	-372.982	-365.903333333	-362.038666667	-392.394333333	-390.016333333	-386.370666667	-369.025666667	-388.969	-366.28	-395.288333333	-396.986333333	-394.297666667	-366.08	L	
133	-375.988	-396.429666667	-407.837	-405.434333333	-383.229	-379.817666667	-366.763666667	-331.118	-400.478	-398.742333333	-401.188	-365.561666667	-394.761	-374.644	-368.879	-385.125666667	-351.386	-375.682	I	
159	-348.713	-341.864666667	-366.624	-408.876333333	-385.768333333	-353.862333333	-363.187333333	-355.785333333	-371.909666667	-381.563666667	-385.538	-385.986333333	-380.963666667	-346.898	-374.828	-388.199333333	-385.847	-360.480666667	L	
182	-366.958666667	-358.2	-369.420333333	-392.899666667	-382.495	-381.09	-376.435666667	-357.702	-388.905333333	-382.737	-382.439	-343.465666667	-388.566333333	-355.983666667	-393.930333333	-396.287	-356.875333333	-395.550333333	M	
183	-399.546	-375.828	-382.730333333	-381.498333333	-391.818	-397.851	-387.068666667	-364.644333333	-388.264666667	-409.561	-407.122333333	-386.409	-382.982333333	-371.529333333	-386.845	-410.202	-397.625666667	-376.796333333	N	
184	-417.6	-410.111333333	-377.893666667	-386.848666667	-384.959333333	-393.614333333	-415.048666667	-400.923666667	-398.001666667	-403.425	-402.229666667	-412.705333333	-403.504	-408.143666667	-388.016666667	-418.008666667	-410.023666667	-419.123333333	F	
185	-412.871333333	-396.025666667	-402.587	-384.032333333	-410.627666667	-412.291666667	-411.504666667	-411.132	-399.229666667	-398.393666667	-398.941333333	-406.517666667	-410.842666667	-396.896	-397.828	-378.563333333	-394.318	-400.472666667	E	
186	-387.328	-426.563333333	-393.659333333	-350.205	-397.35	-399.829	-415.699333333	-404.006	-401.838	-399.717	-404.326666667	-394.993333333	-407.478	-371.198333333	-369.482666667	-415.067666667	-395.718	-398.725	T	
189	-375.219666667	-383.253666667	-382.803333333	-398.015666667	-380.649666667	-356.218666667	-335.321333333	-366.981666667	-404.534	-399.759	-389.598333333	-397.742	-357.365333333	-397.983	-378.801	-406.651333333	-371.465333333	-373.379666667	I	
210	-386.835666667	-340.839333333	-389.088333333	-403.255	-398.943	-387.132	-387.44	-306.890666667	-358.524666667	-375.301666667	-369.427666667	-382.791666667	-340.304333333	-388.668	-366.284666667	-389.541333333	-339.532333333	-363.915333333	L	
231	-352.091	-381.888	-401.698	-404.796	-390.201333333	-361.977	-345.259	-365.374666667	-393.342666667	-383.273	-397.740666667	-390.373333333	-410.220666667	-382.937	-409.126666667	-385.829	-413.945	-395.111666667	M	
