Position	A	V	I	L	M	F	Y	W	S	T	N	Q	R	H	K	D	E	C	Native	
9	-3.194	-4.31766666667	-5.08633333333	N	2.669	-5.448	-5.35733333333	-15.652	-10.536	5.14266666667	2.19366666667	-11.3193333333	4.506	3.6	-16.6156666667	-7.637	-6.35033333333	-25.6996666667	L	
12	10.876	N	26.096	10.7096666667	19.0683333333	31.264	33.0386666667	55.169	5.49766666667	-16.5766666667	-4.49033333333	0.545	41.0286666667	37.143	38.886	9.22133333333	2.791	-9.33366666667	V	
52	8.185	26.4746666667	23.8326666667	37.8196666667	22.4026666667	-6.77	N	13.4433333333	-18.1693333333	17.2993333333	14.985	10.519	10.0456666667	-3.55333333333	9.741	10.8153333333	-7.06833333333	-2.13066666667	Y	
53	40.347	11.022	14.3293333333	N	7.26233333333	23.2413333333	18.66	20.7706666667	17.8866666667	23.109	1.31066666667	10.6976666667	9.24733333333	25.412	16.2596666667	15.356	8.61533333333	16.539	L	
55	-13.3963333333	3.74433333333	-17.689	-17.2033333333	2.75266666667	6.52366666667	-35.778	-0.767333333333	-9.01966666667	-8.782	-21.8296666667	-0.177	-14.2486666667	-10.6356666667	N	5.694	-1.88266666667	23.2606666667	K	
56	4.43366666667	3.90966666667	18.8163333333	26.295	23.9586666667	28.4273333333	21.6183333333	24.0126666667	N	33.0263333333	8.04633333333	42.5603333333	43.0293333333	-2.00966666667	-0.764333333333	18.5136666667	26.9276666667	-6.14666666667	S	
81	-1.552	41.3946666667	22.994	72.98	32.376	38.1506666667	49.1796666667	92.621	N	22.736	2.02366666667	34.58	44.1653333333	36.8813333333	62.9236666667	7.14333333333	29.185	2.76733333333	S	
85	-8.68433333333	-22.6963333333	-10.488	-11.8983333333	-12.137	7.41966666667	-6.548	-2.52033333333	-14.136	-17.3856666667	-23.3903333333	19.1493333333	16.8126666667	27.6756666667	-1.134	-15.9183333333	N	-7.77266666667	E	
86	-22.74	-37.4476666667	-54.3163333333	-53.3283333333	-21.6236666667	-45.6103333333	-24.213	-46.5226666667	-14.7523333333	-24.3633333333	-41.886	-44.1496666667	-35.669	-40.5506666667	-37.116	-41.7736666667	N	-35.1536666667	E	
87	22.6353333333	13.505	5.64933333333	-3.202	14.0536666667	27.8266666667	12.927	2.744	9.33366666667	-4.99933333333	9.96766666667	-0.478	10.4603333333	8.077	N	0.302	-1.872	4.21733333333	K	
88	27.451	15.9073333333	15.703	50.659	23.3853333333	34.002	N	11.6393333333	18.2053333333	24.2786666667	32.0623333333	17.6726666667	9.82333333333	21.538	30.434	15.4813333333	34.1576666667	20.8193333333	Y	
89	6.54666666667	11.375	12.9743333333	1.50566666667	18.738	N	18.2923333333	42.6293333333	33.2686666667	6.96833333333	16.4226666667	6.16166666667	10.1193333333	41.637	27.6583333333	23.4363333333	16.7256666667	10.455	F	
90	-22.938	-13.5983333333	-9.19366666667	-20.503	-27.3786666667	-24.649	-39.195	-12.4683333333	-16.022	-15.474	-34.7806666667	-46.514	-43.3813333333	-31.4456666667	-24.0626666667	N	-25.097	-25.4443333333	D	
111	4.25833333333	26.6593333333	45.0443333333	8.20533333333	18.6466666667	23.162	21.4346666667	41.1273333333	7.21333333333	4.75266666667	9.39066666667	15.1563333333	17.6823333333	16.617	27.6916666667	N	15.7993333333	12.5513333333	D	
112	-29.1956666667	-13.6123333333	-6.492	-18.8056666667	16.6943333333	N	14.04	7.25433333333	-17.8523333333	-21.803	-0.610333333333	-18.5296666667	-9.845	-6.02233333333	1.142	-25.871	-16.9216666667	-24.1236666667	F	
131	7.85833333333	13.7923333333	32.9946666667	N	-5.718	30.1033333333	37.182	41.0466666667	10.691	13.069	16.7146666667	34.0596666667	14.1163333333	36.8053333333	7.797	6.099	8.78766666667	37.0053333333	L	
133	31.849	11.4073333333	N	2.40266666667	24.608	28.0193333333	41.0733333333	76.719	7.359	9.09466666667	6.649	42.2753333333	13.076	33.193	38.958	22.7113333333	56.451	32.155	I	
159	60.1633333333	67.0116666667	42.2523333333	N	23.108	55.014	45.689	53.091	36.9666666667	27.3126666667	23.3383333333	22.89	27.9126666667	61.9783333333	34.0483333333	20.677	23.0293333333	48.3956666667	L	
182	15.5363333333	24.295	13.0746666667	-10.4046666667	N	1.405	6.05933333333	24.793	-6.41033333333	-0.242	0.0559999999999	39.0293333333	-6.07133333333	26.5113333333	-11.4353333333	-13.792	25.6196666667	-13.0553333333	M	
183	7.57633333333	31.2943333333	24.392	25.624	15.3043333333	9.27133333333	20.0536666667	42.478	18.8576666667	-2.43866666667	N	20.7133333333	24.14	35.593	20.2773333333	-3.07966666667	9.49666666667	30.326	N	
184	-23.9856666667	-16.497	15.7206666667	6.76566666667	8.655	N	-21.4343333333	-7.30933333333	-4.38733333333	-9.81066666667	-8.61533333333	-19.091	-9.88966666667	-14.5293333333	5.59766666667	-24.3943333333	-16.4093333333	-25.509	F	
185	-18.5533333333	-1.70766666667	-8.269	10.2856666667	-16.3096666667	-17.9736666667	-17.1866666667	-16.814	-4.91166666667	-4.07566666667	-4.62333333333	-12.1996666667	-16.5246666667	-2.578	-3.51	15.7546666667	N	-6.15466666667	E	
186	12.389	-26.8463333333	6.05766666667	49.512	2.367	-0.112	-15.9823333333	-4.289	-2.121	N	-4.60966666667	4.72366666667	-7.761	28.5186666667	30.2343333333	-15.3506666667	3.999	0.992	T	
189	7.58366666667	-0.450333333333	N	-15.2123333333	2.15366666667	26.5846666667	47.482	15.8216666667	-21.7306666667	-16.9556666667	-6.795	-14.9386666667	25.438	-15.1796666667	4.00233333333	-23.848	11.338	9.42366666667	I	
210	16.4193333333	62.4156666667	14.1666666667	N	4.312	16.123	15.815	96.3643333333	44.7303333333	27.9533333333	33.8273333333	20.4633333333	62.9506666667	14.587	36.9703333333	13.7136666667	63.7226666667	39.3396666667	L	
231	38.1103333333	8.31333333333	-11.4966666667	-14.5946666667	N	28.2243333333	44.9423333333	24.8266666667	-3.14133333333	6.92833333333	-7.53933333333	-0.172	-20.0193333333	7.26433333333	-18.9253333333	4.37233333333	-23.7436666667	-4.91033333333	M	
